!New Zealand
554,2degrees,(55401|2000),(55402|3000),(55403|4000)
554,Telecom NZ,(55410|1000),(55411|2000),(55412|3000)
554,Vodafone,(55420|0)
!Nigeria
566,MTN Direct,(10909|0)
566,Etisalat,(90801|5000),(90804|50000),(90805|100000)
566,Glo QuickCharge,(91309|0)
566,Visafone,(90902|10000),(90901|20000),(90903|50000),(90904|100000)
566,Multilinks Telkom,(91001|10000),(91004|20000),(91002|50000),(91003|100000),(91005|200000)
566,Airtel,(90101|0)
!Ghana
936,Airtel,(Airtel|0)
!Afghanistan
791,Eserv,(EServe|0)
!Indonesia
360,Telkomsel,(10909|0),(10907|5000),(10901|10000),(10902|20000),(10903|40000),(10904|75000),(10905|150000),(10908|300000)
360,Indosat,(90801|5000),(90804|50000),(90805|100000)
360,XL Axiata,(91309|0),(91302|10000),(91303|15000),(91304|20000),(91305|30000),(91306|50000),(91307|100000),(91308|300000)
